E400=109.207740 Bad Request
E401=109.207741 Unauthorized
E402=109.207742 Payment Required
E403=109.207743 Forbidden
E404=109.207744 Not Found
E405=109.207745 Method Not Allowed
E406=109.207746 Not Acceptable
E407=109.207747 Proxy Authentication Required
E408=109.207748 Request Timeout
E409=109.207749 Conflict
E410=109.207750 Gone
E411=109.207751 Length Required
E412=109.207752 Precondition Failed
E413=109.207753 Payload Too Large
E414=109.207754 URI Too Long
