E400=143.111730 Bad Request
E401=143.111731 Unauthorized
E402=143.111732 Payment Required
E403=143.111733 Forbidden
E404=143.111734 Not Found
E405=143.111735 Method Not Allowed
E406=143.111736 Not Acceptable
E407=143.111737 Proxy Authentication Required
E408=143.111738 Request Timeout
E409=143.111739 Conflict
E410=143.111740 Gone
E411=143.111741 Length Required
E412=143.111742 Precondition Failed
E413=143.111775 Payload Too Large
E414=143.111776 URI Too Long
E415=143.111777 Unsupported Media Type
test.message.benefit.group=143.113115 [[0]] 이상 구매 가능
