E400=169.112970 Bad Request
E401=169.112971 Unauthorized
E402=169.112972 Payment Required
E403=169.112973 Forbidden
E404=169.112974 Not Found
E405=169.112975 Method Not Allowed
E406=169.112976 Not Acceptable
E407=169.112977 Proxy Authentication Required
E408=169.112978 Request Timeout
E409=169.112979 Conflict
E410=169.112980 Gone
E411=169.112981 Length Required
E412=169.112982 Precondition Failed
E413=169.112983 Payload Too Large
E414=169.112984 URI Too Long
E415=169.112985 Unsupported Media Type
