E400=172.113116 Bad Request
E401=172.113117 Unauthorized
E402=172.113118 Payment Required
E403=172.113119 Forbidden
E404=172.113120 Not Found
E405=172.113121 Method Not Allowed
E406=172.113122 Not Acceptable
E407=172.113123 Proxy Authentication Required
E408=172.113124 Request Timeout
E409=172.113125 Conflict
E410=172.113126 Gone
E411=172.113127 Length Required
E412=172.113128 Precondition Failed
E413=172.113129 Payload Too Large
E414=172.113130 URI Too Long
E415=172.113131 Unsupported Media Type
test.message.benefit.group=172.113132 [[0]] 이상 구매 가능
