E400=143.111730 Demande incorrecte
E401=143.111731 Non autorisé
E402=143.111732 Paiement requis
E403=143.111733 Interdit
E404=143.111734 Pas trouvé
E405=143.111735 Méthode non autorisée
E406=143.111736 Non acceptable
E407=143.111737 Authentification par proxy requise
E408=143.111738 Délai d'expiration de la demande
E409=143.111739 Conflit
E410=143.111740 Disparu
E411=143.111741 Longueur requise
E412=Échec de la précondition 143.111742
E413=143.111775 Charge utile trop importante
E414=143.111776 URI trop long
E415=143.111777 Type de support non pris en charge
